239
3 221
7 219
11 217
18 213
23 209
28 204
33 200
38 195
44 187
50 182
54 177
57 173
60 163
64 152
67 144
71 135
75 125
80 118
83 109
89 100
97 92
103 87
111 81
117 77
127 72
138 67
144 66
153 66
167 64
179 64
189 66
196 67
206 70
215 72
221 74
227 79
232 86
236 90
240 95
243 100
247 108
249 113
252 119
253 127
254 131
254 136
253 144
253 151
253 158
253 163
253 165
251 171
246 181
241 191
236 201
231 208
220 222
209 232
199 239
192 244
187 247
178 253
164 261
156 265
146 271
136 279
124 288
114 295
103 304
94 310
88 316
82 319
75 329
70 335
63 344
56 357
53 368
50 374
46 383
46 393
45 403
43 412
40 423
39 433
39 441
38 452
38 464
40 471
41 478
45 493
48 503
50 515
55 524
61 533
75 547
82 554
93 561
104 565
122 566
135 564
149 564
160 564
174 562
186 559
197 552
207 546
214 539
219 530
222 525
222 523
225 515
225 507
225 500
222 491
219 483
216 475
211 470
207 464
203 458
197 452
193 445
190 440
187 435
182 425
183 415
185 403
186 392
188 383
193 372
200 366
209 360
221 352
234 348
250 343
260 342
272 340
280 341
289 343
296 346
303 352
309 356
313 364
319 374
322 381
325 386
329 399
333 411
338 425
342 437
344 454
350 468
351 478
355 489
359 498
366 510
373 515
380 522
395 528
404 533
413 537
424 539
436 540
447 541
458 541
469 540
480 537
488 534
501 531
514 524
525 513
532 499
534 488
534 473
532 466
530 457
526 451
523 444
519 437
513 425
506 420
498 410
489 401
482 389
469 383
458 373
450 367
443 360
432 354
425 347
413 340
404 332
393 325
388 314
382 301
378 287
375 274
373 265
372 254
371 246
368 239
367 228
367 211
366 200
366 190
364 178
364 165
363 153
366 145
367 135
370 123
379 110
387 99
400 89
413 82
426 78
445 77
451 79
461 80
472 82
478 91
485 96
490 103
497 110
500 121
505 136
509 149
511 159
515 181
520 199
523 214
525 232
531 244
538 256
544 265
551 278
561 288
569 299
578 305
596 313